areaType,areaName,areaCode,date,newCasesBySpecimenDate,cumCasesBySpecimenDate
overview,United Kingdom,K02000001,2021-03-09,5598,4239729
overview,United Kingdom,K02000001,2021-03-08,6653,4234131
overview,United Kingdom,K02000001,2021-03-07,4295,4227478
overview,United Kingdom,K02000001,2021-03-06,4493,4223183
overview,United Kingdom,K02000001,2021-03-05,5394,4218690
overview,United Kingdom,K02000001,2021-03-04,5785,4213296
overview,United Kingdom,K02000001,2021-03-03,6014,4207511
overview,United Kingdom,K02000001,2021-03-02,6673,4201497
overview,United Kingdom,K02000001,2021-03-01,6942,4194824
overview,United Kingdom,K02000001,2021-02-28,4746,4187882
overview,United Kingdom,K02000001,2021-02-27,4838,4183136
overview,United Kingdom,K02000001,2021-02-26,6607,4178298
overview,United Kingdom,K02000001,2021-02-25,7764,4171691
overview,United Kingdom,K02000001,2021-02-24,8557,4163927
overview,United Kingdom,K02000001,2021-02-23,9440,4155370
overview,United Kingdom,K02000001,2021-02-22,11332,4145930
overview,United Kingdom,K02000001,2021-02-21,7902,4134598
overview,United Kingdom,K02000001,2021-02-20,8077,4126696
overview,United Kingdom,K02000001,2021-02-19,10431,4118619
overview,United Kingdom,K02000001,2021-02-18,11429,4108188
overview,United Kingdom,K02000001,2021-02-17,11595,4096759
overview,United Kingdom,K02000001,2021-02-16,12510,4085164
overview,United Kingdom,K02000001,2021-02-15,14319,4072654
overview,United Kingdom,K02000001,2021-02-14,8785,4058335
overview,United Kingdom,K02000001,2021-02-13,8782,4049550
overview,United Kingdom,K02000001,2021-02-12,12191,4040768
overview,United Kingdom,K02000001,2021-02-11,12779,4028577
overview,United Kingdom,K02000001,2021-02-10,13539,4015798
overview,United Kingdom,K02000001,2021-02-09,13856,4002259
overview,United Kingdom,K02000001,2021-02-08,15796,3988403
overview,United Kingdom,K02000001,2021-02-07,11416,3972607
overview,United Kingdom,K02000001,2021-02-06,11978,3961191
overview,United Kingdom,K02000001,2021-02-05,15913,3949213
overview,United Kingdom,K02000001,2021-02-04,18033,3933300
overview,United Kingdom,K02000001,2021-02-03,19465,3915267
overview,United Kingdom,K02000001,2021-02-02,19826,3895802
overview,United Kingdom,K02000001,2021-02-01,22422,3875976
overview,United Kingdom,K02000001,2021-01-31,15438,3853554
overview,United Kingdom,K02000001,2021-01-30,16685,3838116
overview,United Kingdom,K02000001,2021-01-29,21825,3821431
overview,United Kingdom,K02000001,2021-01-28,24115,3799606
overview,United Kingdom,K02000001,2021-01-27,25746,3775491
overview,United Kingdom,K02000001,2021-01-26,27040,3749745
overview,United Kingdom,K02000001,2021-01-25,29989,3722705
overview,United Kingdom,K02000001,2021-01-24,17197,3692716
overview,United Kingdom,K02000001,2021-01-23,21861,3675519
overview,United Kingdom,K02000001,2021-01-22,29609,3653658
overview,United Kingdom,K02000001,2021-01-21,31715,3624049
overview,United Kingdom,K02000001,2021-01-20,35165,3592334
overview,United Kingdom,K02000001,2021-01-19,39544,3557169
overview,United Kingdom,K02000001,2021-01-18,44845,3517625
overview,United Kingdom,K02000001,2021-01-17,28879,3472780
overview,United Kingdom,K02000001,2021-01-16,30552,3443901
overview,United Kingdom,K02000001,2021-01-15,40451,3413349
overview,United Kingdom,K02000001,2021-01-14,42428,3372898
overview,United Kingdom,K02000001,2021-01-13,45446,3330470
overview,United Kingdom,K02000001,2021-01-12,49450,3285024
overview,United Kingdom,K02000001,2021-01-11,57207,3235574
overview,United Kingdom,K02000001,2021-01-10,36364,3178367
overview,United Kingdom,K02000001,2021-01-09,39110,3142003
overview,United Kingdom,K02000001,2021-01-08,47069,3102893
overview,United Kingdom,K02000001,2021-01-07,51982,3055824
overview,United Kingdom,K02000001,2021-01-06,57446,3003842
overview,United Kingdom,K02000001,2021-01-05,65169,2946396
overview,United Kingdom,K02000001,2021-01-04,76205,2881227
overview,United Kingdom,K02000001,2021-01-03,55201,2805022
overview,United Kingdom,K02000001,2021-01-02,60447,2749821
overview,United Kingdom,K02000001,2021-01-01,31856,2689374
overview,United Kingdom,K02000001,2020-12-31,52829,2657518
overview,United Kingdom,K02000001,2020-12-30,70826,2604689
overview,United Kingdom,K02000001,2020-12-29,81569,2533863
overview,United Kingdom,K02000001,2020-12-28,45627,2452294
overview,United Kingdom,K02000001,2020-12-27,47759,2406667
overview,United Kingdom,K02000001,2020-12-26,40368,2358908
overview,United Kingdom,K02000001,2020-12-25,14181,2318540
overview,United Kingdom,K02000001,2020-12-24,31850,2304359
overview,United Kingdom,K02000001,2020-12-23,42285,2272509
overview,United Kingdom,K02000001,2020-12-22,45702,2230224
overview,United Kingdom,K02000001,2020-12-21,47410,2184522
overview,United Kingdom,K02000001,2020-12-20,32486,2137112
overview,United Kingdom,K02000001,2020-12-19,25168,2104626
overview,United Kingdom,K02000001,2020-12-18,35848,2079458
overview,United Kingdom,K02000001,2020-12-17,33897,2043610
overview,United Kingdom,K02000001,2020-12-16,34950,2009713
overview,United Kingdom,K02000001,2020-12-15,33875,1974763
overview,United Kingdom,K02000001,2020-12-14,34739,1940888
overview,United Kingdom,K02000001,2020-12-13,21987,1906149
overview,United Kingdom,K02000001,2020-12-12,19365,1884162
overview,United Kingdom,K02000001,2020-12-11,24094,1864797
overview,United Kingdom,K02000001,2020-12-10,22631,1840703
overview,United Kingdom,K02000001,2020-12-09,21650,1818072
overview,United Kingdom,K02000001,2020-12-08,20802,1796422
overview,United Kingdom,K02000001,2020-12-07,21358,1775620
overview,United Kingdom,K02000001,2020-12-06,13612,1754262
overview,United Kingdom,K02000001,2020-12-05,12799,1740650
overview,United Kingdom,K02000001,2020-12-04,15706,1727851
overview,United Kingdom,K02000001,2020-12-03,15664,1712145
overview,United Kingdom,K02000001,2020-12-02,16501,1696481
overview,United Kingdom,K02000001,2020-12-01,16488,1679980
overview,United Kingdom,K02000001,2020-11-30,18049,1663492
overview,United Kingdom,K02000001,2020-11-29,10699,1645443
overview,United Kingdom,K02000001,2020-11-28,10977,1634744
overview,United Kingdom,K02000001,2020-11-27,14404,1623767
overview,United Kingdom,K02000001,2020-11-26,14595,1609363
overview,United Kingdom,K02000001,2020-11-25,16626,1594768
overview,United Kingdom,K02000001,2020-11-24,16459,1578142
overview,United Kingdom,K02000001,2020-11-23,18794,1561683
overview,United Kingdom,K02000001,2020-11-22,11742,1542889
overview,United Kingdom,K02000001,2020-11-21,12360,1531147
overview,United Kingdom,K02000001,2020-11-20,16848,1518787
overview,United Kingdom,K02000001,2020-11-19,17762,1501939
overview,United Kingdom,K02000001,2020-11-18,20765,1484177
overview,United Kingdom,K02000001,2020-11-17,23173,1463412
overview,United Kingdom,K02000001,2020-11-16,26566,1440239
overview,United Kingdom,K02000001,2020-11-15,16032,1413673
overview,United Kingdom,K02000001,2020-11-14,18000,1397641
overview,United Kingdom,K02000001,2020-11-13,24052,1379641
overview,United Kingdom,K02000001,2020-11-12,24468,1355589
overview,United Kingdom,K02000001,2020-11-11,27354,1331121
overview,United Kingdom,K02000001,2020-11-10,27420,1303767
overview,United Kingdom,K02000001,2020-11-09,31053,1276347
overview,United Kingdom,K02000001,2020-11-08,19956,1245294
overview,United Kingdom,K02000001,2020-11-07,18523,1225338
overview,United Kingdom,K02000001,2020-11-06,23330,1206815
overview,United Kingdom,K02000001,2020-11-05,23743,1183485
overview,United Kingdom,K02000001,2020-11-04,23684,1159742
overview,United Kingdom,K02000001,2020-11-03,25589,1136058
overview,United Kingdom,K02000001,2020-11-02,31507,1110469
overview,United Kingdom,K02000001,2020-11-01,15756,1078962
overview,United Kingdom,K02000001,2020-10-31,16489,1063206
overview,United Kingdom,K02000001,2020-10-30,22682,1046717
overview,United Kingdom,K02000001,2020-10-29,23354,1024035
overview,United Kingdom,K02000001,2020-10-28,23621,1000681
overview,United Kingdom,K02000001,2020-10-27,24104,977060
overview,United Kingdom,K02000001,2020-10-26,26557,952956
overview,United Kingdom,K02000001,2020-10-25,15727,926399
overview,United Kingdom,K02000001,2020-10-24,16243,910672
overview,United Kingdom,K02000001,2020-10-23,21482,894429
overview,United Kingdom,K02000001,2020-10-22,23256,872947
overview,United Kingdom,K02000001,2020-10-21,25461,849691
overview,United Kingdom,K02000001,2020-10-20,25321,824230
overview,United Kingdom,K02000001,2020-10-19,25624,798909
overview,United Kingdom,K02000001,2020-10-18,14192,773285
overview,United Kingdom,K02000001,2020-10-17,14773,759093
overview,United Kingdom,K02000001,2020-10-16,17731,744320
overview,United Kingdom,K02000001,2020-10-15,18441,726589
overview,United Kingdom,K02000001,2020-10-14,19712,708148
overview,United Kingdom,K02000001,2020-10-13,18910,688436
overview,United Kingdom,K02000001,2020-10-12,19451,669526
overview,United Kingdom,K02000001,2020-10-11,12077,650075
overview,United Kingdom,K02000001,2020-10-10,12519,637998
overview,United Kingdom,K02000001,2020-10-09,15730,625479
overview,United Kingdom,K02000001,2020-10-08,18250,609749
overview,United Kingdom,K02000001,2020-10-07,18338,591499
overview,United Kingdom,K02000001,2020-10-06,17063,573161
overview,United Kingdom,K02000001,2020-10-05,16555,556098
overview,United Kingdom,K02000001,2020-10-04,11804,539543
overview,United Kingdom,K02000001,2020-10-03,11548,527739
overview,United Kingdom,K02000001,2020-10-02,13696,516191
overview,United Kingdom,K02000001,2020-10-01,13192,502495
overview,United Kingdom,K02000001,2020-09-30,12559,489303
overview,United Kingdom,K02000001,2020-09-29,10238,476744
overview,United Kingdom,K02000001,2020-09-28,9928,466506
overview,United Kingdom,K02000001,2020-09-27,6974,456578
overview,United Kingdom,K02000001,2020-09-26,6766,449604
overview,United Kingdom,K02000001,2020-09-25,7248,442838
overview,United Kingdom,K02000001,2020-09-24,7609,435590
overview,United Kingdom,K02000001,2020-09-23,7062,427981
overview,United Kingdom,K02000001,2020-09-22,6409,420919
overview,United Kingdom,K02000001,2020-09-21,5605,414510
overview,United Kingdom,K02000001,2020-09-20,5324,408905
overview,United Kingdom,K02000001,2020-09-19,4855,403581
overview,United Kingdom,K02000001,2020-09-18,4958,398726
overview,United Kingdom,K02000001,2020-09-17,4635,393768
overview,United Kingdom,K02000001,2020-09-16,4368,389133
overview,United Kingdom,K02000001,2020-09-15,3552,384765
overview,United Kingdom,K02000001,2020-09-14,3397,381213
overview,United Kingdom,K02000001,2020-09-13,2144,377816
overview,United Kingdom,K02000001,2020-09-12,2673,375672
overview,United Kingdom,K02000001,2020-09-11,3289,372999
overview,United Kingdom,K02000001,2020-09-10,3599,369710
overview,United Kingdom,K02000001,2020-09-09,3331,366111
overview,United Kingdom,K02000001,2020-09-08,3307,362780
overview,United Kingdom,K02000001,2020-09-07,3862,359473
overview,United Kingdom,K02000001,2020-09-06,2450,355611
overview,United Kingdom,K02000001,2020-09-05,2545,353161
overview,United Kingdom,K02000001,2020-09-04,3040,350616
overview,United Kingdom,K02000001,2020-09-03,3099,347576
overview,United Kingdom,K02000001,2020-09-02,2996,344477
overview,United Kingdom,K02000001,2020-09-01,2248,341481
overview,United Kingdom,K02000001,2020-08-31,1500,339233
overview,United Kingdom,K02000001,2020-08-30,1161,337733
overview,United Kingdom,K02000001,2020-08-29,1221,336572
overview,United Kingdom,K02000001,2020-08-28,1624,335351
overview,United Kingdom,K02000001,2020-08-27,1549,333727
overview,United Kingdom,K02000001,2020-08-26,1349,332178
overview,United Kingdom,K02000001,2020-08-25,1246,330829
overview,United Kingdom,K02000001,2020-08-24,1271,329583
overview,United Kingdom,K02000001,2020-08-23,825,328312
overview,United Kingdom,K02000001,2020-08-22,826,327487
overview,United Kingdom,K02000001,2020-08-21,1199,326661
overview,United Kingdom,K02000001,2020-08-20,1462,325462
overview,United Kingdom,K02000001,2020-08-19,1239,324000
overview,United Kingdom,K02000001,2020-08-18,1084,322761
overview,United Kingdom,K02000001,2020-08-17,1283,321677
overview,United Kingdom,K02000001,2020-08-16,599,320394
overview,United Kingdom,K02000001,2020-08-15,695,319795
overview,United Kingdom,K02000001,2020-08-14,1160,319100
overview,United Kingdom,K02000001,2020-08-13,1144,317940
overview,United Kingdom,K02000001,2020-08-12,1207,316796
overview,United Kingdom,K02000001,2020-08-11,1339,315589
overview,United Kingdom,K02000001,2020-08-10,1474,314250
overview,United Kingdom,K02000001,2020-08-09,616,312776
overview,United Kingdom,K02000001,2020-08-08,695,312160
overview,United Kingdom,K02000001,2020-08-07,942,311465
overview,United Kingdom,K02000001,2020-08-06,1082,310523
overview,United Kingdom,K02000001,2020-08-05,1059,309441
overview,United Kingdom,K02000001,2020-08-04,1018,308382
overview,United Kingdom,K02000001,2020-08-03,1039,307364
overview,United Kingdom,K02000001,2020-08-02,554,306325
overview,United Kingdom,K02000001,2020-08-01,542,305771
overview,United Kingdom,K02000001,2020-07-31,674,305229
overview,United Kingdom,K02000001,2020-07-30,922,304555
overview,United Kingdom,K02000001,2020-07-29,1039,303633
overview,United Kingdom,K02000001,2020-07-28,843,302594
overview,United Kingdom,K02000001,2020-07-27,857,301751
overview,United Kingdom,K02000001,2020-07-26,558,300894
overview,United Kingdom,K02000001,2020-07-25,523,300336
overview,United Kingdom,K02000001,2020-07-24,767,299813
overview,United Kingdom,K02000001,2020-07-23,798,299046
overview,United Kingdom,K02000001,2020-07-22,798,298248
overview,United Kingdom,K02000001,2020-07-21,782,297450
overview,United Kingdom,K02000001,2020-07-20,813,296668
overview,United Kingdom,K02000001,2020-07-19,443,295855
overview,United Kingdom,K02000001,2020-07-18,498,295412
overview,United Kingdom,K02000001,2020-07-17,580,294914
overview,United Kingdom,K02000001,2020-07-16,704,294334
overview,United Kingdom,K02000001,2020-07-15,773,293630
overview,United Kingdom,K02000001,2020-07-14,690,292857
overview,United Kingdom,K02000001,2020-07-13,735,292167
overview,United Kingdom,K02000001,2020-07-12,368,291432
overview,United Kingdom,K02000001,2020-07-11,446,291064
overview,United Kingdom,K02000001,2020-07-10,563,290618
overview,United Kingdom,K02000001,2020-07-09,716,290055
overview,United Kingdom,K02000001,2020-07-08,704,289339
overview,United Kingdom,K02000001,2020-07-07,605,288635
overview,United Kingdom,K02000001,2020-07-06,708,288030
overview,United Kingdom,K02000001,2020-07-05,555,287322
overview,United Kingdom,K02000001,2020-07-04,398,286767
overview,United Kingdom,K02000001,2020-07-03,568,286369
overview,United Kingdom,K02000001,2020-07-02,603,285801
overview,United Kingdom,K02000001,2020-07-01,648,285198
overview,United Kingdom,K02000001,2020-06-30,617,284550
overview,United Kingdom,K02000001,2020-06-29,726,283933
overview,United Kingdom,K02000001,2020-06-28,447,283207
overview,United Kingdom,K02000001,2020-06-27,650,282760
overview,United Kingdom,K02000001,2020-06-26,672,282110
overview,United Kingdom,K02000001,2020-06-25,722,281438
overview,United Kingdom,K02000001,2020-06-24,777,280716
overview,United Kingdom,K02000001,2020-06-23,889,279939
overview,United Kingdom,K02000001,2020-06-22,893,279050
overview,United Kingdom,K02000001,2020-06-21,640,278157
overview,United Kingdom,K02000001,2020-06-20,684,277517
overview,United Kingdom,K02000001,2020-06-19,982,276833
overview,United Kingdom,K02000001,2020-06-18,1028,275851
overview,United Kingdom,K02000001,2020-06-17,1013,274823
overview,United Kingdom,K02000001,2020-06-16,1103,273810
overview,United Kingdom,K02000001,2020-06-15,1047,272707
overview,United Kingdom,K02000001,2020-06-14,820,271660
overview,United Kingdom,K02000001,2020-06-13,887,270840
overview,United Kingdom,K02000001,2020-06-12,1054,269953
overview,United Kingdom,K02000001,2020-06-11,1013,268899
overview,United Kingdom,K02000001,2020-06-10,1192,267886
overview,United Kingdom,K02000001,2020-06-09,1158,266694
overview,United Kingdom,K02000001,2020-06-08,1093,265536
overview,United Kingdom,K02000001,2020-06-07,719,264443
overview,United Kingdom,K02000001,2020-06-06,804,263724
overview,United Kingdom,K02000001,2020-06-05,1122,262920
overview,United Kingdom,K02000001,2020-06-04,1253,261798
overview,United Kingdom,K02000001,2020-06-03,1363,260545
overview,United Kingdom,K02000001,2020-06-02,1489,259182
overview,United Kingdom,K02000001,2020-06-01,1439,257693
overview,United Kingdom,K02000001,2020-05-31,1082,256254
overview,United Kingdom,K02000001,2020-05-30,1122,255172
overview,United Kingdom,K02000001,2020-05-29,1526,254050
overview,United Kingdom,K02000001,2020-05-28,1758,252524
overview,United Kingdom,K02000001,2020-05-27,1830,250766
overview,United Kingdom,K02000001,2020-05-26,1660,248936
overview,United Kingdom,K02000001,2020-05-25,1620,247276
overview,United Kingdom,K02000001,2020-05-24,1364,245656
overview,United Kingdom,K02000001,2020-05-23,1528,244292
overview,United Kingdom,K02000001,2020-05-22,2056,242764
overview,United Kingdom,K02000001,2020-05-21,2574,240708
overview,United Kingdom,K02000001,2020-05-20,2707,238134
overview,United Kingdom,K02000001,2020-05-19,3056,235427
overview,United Kingdom,K02000001,2020-05-18,2586,232371
overview,United Kingdom,K02000001,2020-05-17,1836,229785
overview,United Kingdom,K02000001,2020-05-16,2081,227949
overview,United Kingdom,K02000001,2020-05-15,2530,225868
overview,United Kingdom,K02000001,2020-05-14,2630,223338
overview,United Kingdom,K02000001,2020-05-13,3308,220708
overview,United Kingdom,K02000001,2020-05-12,3394,217400
overview,United Kingdom,K02000001,2020-05-11,3578,214006
overview,United Kingdom,K02000001,2020-05-10,2324,210428
overview,United Kingdom,K02000001,2020-05-09,2162,208104
overview,United Kingdom,K02000001,2020-05-08,3059,205942
overview,United Kingdom,K02000001,2020-05-07,3765,202883
overview,United Kingdom,K02000001,2020-05-06,3821,199118
overview,United Kingdom,K02000001,2020-05-05,3673,195297
overview,United Kingdom,K02000001,2020-05-04,3381,191624
overview,United Kingdom,K02000001,2020-05-03,2977,188243
overview,United Kingdom,K02000001,2020-05-02,3232,185266
overview,United Kingdom,K02000001,2020-05-01,4733,182034
overview,United Kingdom,K02000001,2020-04-30,4958,177301
overview,United Kingdom,K02000001,2020-04-29,5427,172343
overview,United Kingdom,K02000001,2020-04-28,4723,166916
overview,United Kingdom,K02000001,2020-04-27,4703,162193
overview,United Kingdom,K02000001,2020-04-26,3471,157490
overview,United Kingdom,K02000001,2020-04-25,3745,154019
overview,United Kingdom,K02000001,2020-04-24,4950,150274
overview,United Kingdom,K02000001,2020-04-23,5146,145324
overview,United Kingdom,K02000001,2020-04-22,5496,140178
overview,United Kingdom,K02000001,2020-04-21,4765,134682
overview,United Kingdom,K02000001,2020-04-20,4851,129917
overview,United Kingdom,K02000001,2020-04-19,3859,125066
overview,United Kingdom,K02000001,2020-04-18,4711,121207
overview,United Kingdom,K02000001,2020-04-17,4944,116496
overview,United Kingdom,K02000001,2020-04-16,5282,111552
overview,United Kingdom,K02000001,2020-04-15,5040,106270
overview,United Kingdom,K02000001,2020-04-14,4304,101230
overview,United Kingdom,K02000001,2020-04-13,4169,96926
overview,United Kingdom,K02000001,2020-04-12,3485,92757
overview,United Kingdom,K02000001,2020-04-11,3563,89272
overview,United Kingdom,K02000001,2020-04-10,4311,85709
overview,United Kingdom,K02000001,2020-04-09,4852,81398
overview,United Kingdom,K02000001,2020-04-08,5120,76546
overview,United Kingdom,K02000001,2020-04-07,5434,71426
overview,United Kingdom,K02000001,2020-04-06,5271,65992
overview,United Kingdom,K02000001,2020-04-05,3590,60721
overview,United Kingdom,K02000001,2020-04-04,4004,57131
overview,United Kingdom,K02000001,2020-04-03,4894,53127
overview,United Kingdom,K02000001,2020-04-02,4861,48233
overview,United Kingdom,K02000001,2020-04-01,4940,43372
overview,United Kingdom,K02000001,2020-03-31,4509,38432
overview,United Kingdom,K02000001,2020-03-30,4264,33923
overview,United Kingdom,K02000001,2020-03-29,2857,29659
overview,United Kingdom,K02000001,2020-03-28,2818,26802
overview,United Kingdom,K02000001,2020-03-27,3185,23984
overview,United Kingdom,K02000001,2020-03-26,3088,20799
overview,United Kingdom,K02000001,2020-03-25,2693,17711
overview,United Kingdom,K02000001,2020-03-24,2378,15018
overview,United Kingdom,K02000001,2020-03-23,2326,12640
overview,United Kingdom,K02000001,2020-03-22,1376,10314
overview,United Kingdom,K02000001,2020-03-21,1195,8938
overview,United Kingdom,K02000001,2020-03-20,1254,7743
overview,United Kingdom,K02000001,2020-03-19,1052,6489
overview,United Kingdom,K02000001,2020-03-18,998,5437
overview,United Kingdom,K02000001,2020-03-17,770,4439
overview,United Kingdom,K02000001,2020-03-16,611,3669
overview,United Kingdom,K02000001,2020-03-15,442,3058
overview,United Kingdom,K02000001,2020-03-14,363,2616
overview,United Kingdom,K02000001,2020-03-13,479,2253
overview,United Kingdom,K02000001,2020-03-12,481,1774
overview,United Kingdom,K02000001,2020-03-11,405,1293
overview,United Kingdom,K02000001,2020-03-10,265,888
overview,United Kingdom,K02000001,2020-03-09,147,623
overview,United Kingdom,K02000001,2020-03-08,57,476
overview,United Kingdom,K02000001,2020-03-07,68,419
overview,United Kingdom,K02000001,2020-03-06,81,351
overview,United Kingdom,K02000001,2020-03-05,50,270
overview,United Kingdom,K02000001,2020-03-04,56,220
overview,United Kingdom,K02000001,2020-03-03,56,164
overview,United Kingdom,K02000001,2020-03-02,39,108
overview,United Kingdom,K02000001,2020-03-01,22,69
overview,United Kingdom,K02000001,2020-02-29,5,47
overview,United Kingdom,K02000001,2020-02-28,12,42
overview,United Kingdom,K02000001,2020-02-27,8,30
overview,United Kingdom,K02000001,2020-02-26,4,22
overview,United Kingdom,K02000001,2020-02-25,5,18
overview,United Kingdom,K02000001,2020-02-24,2,13
overview,United Kingdom,K02000001,2020-02-23,1,11
overview,United Kingdom,K02000001,2020-02-22,0,10
overview,United Kingdom,K02000001,2020-02-21,1,10
overview,United Kingdom,K02000001,2020-02-20,0,9
overview,United Kingdom,K02000001,2020-02-19,0,9
overview,United Kingdom,K02000001,2020-02-18,0,9
overview,United Kingdom,K02000001,2020-02-17,0,9
overview,United Kingdom,K02000001,2020-02-16,0,9
overview,United Kingdom,K02000001,2020-02-15,0,9
overview,United Kingdom,K02000001,2020-02-14,0,9
overview,United Kingdom,K02000001,2020-02-13,0,9
overview,United Kingdom,K02000001,2020-02-12,0,9
overview,United Kingdom,K02000001,2020-02-11,1,9
overview,United Kingdom,K02000001,2020-02-10,0,8
overview,United Kingdom,K02000001,2020-02-09,1,8
overview,United Kingdom,K02000001,2020-02-08,4,7
overview,United Kingdom,K02000001,2020-02-07,0,3
overview,United Kingdom,K02000001,2020-02-06,0,3
overview,United Kingdom,K02000001,2020-02-05,1,3
overview,United Kingdom,K02000001,2020-02-04,0,2
overview,United Kingdom,K02000001,2020-02-03,0,2
overview,United Kingdom,K02000001,2020-02-02,0,2
overview,United Kingdom,K02000001,2020-02-01,0,2
overview,United Kingdom,K02000001,2020-01-31,0,2
overview,United Kingdom,K02000001,2020-01-30,2,2
